578
609
628
665
713
707
628
588
576
566
561
571
589
615
641
682
728
726
648
605
591
576
573
587
616
648
675
715
756
746
665
627
612
599
602
622
646
676
696
732
767
767
689
641
624
609
610
623
664
690
722
766
796
809
721
684
670
654
654
675
700
725
748
795
821
828
753
708
690
674
669
685
704
730
760
807
842
838
768
726
711
693
686
698
720
750
770
816
855
857
786
750
735
709
700
720
736
768
792
836
869
871
804
768
750
733
721
737
789
821
844
890
924
926
853
818
801
785
774
785
811
838
873
913
943
948
877
839
820
795
777
790
806
840
867
911
939
937
865
821
795
776
771
787
813
845
872
915
951
960
891
851
826
797
784
798
